These csv files are a merge of the original data sheets from Rijkswaterstaat for WIM measurements in the period 1st of April 2013 to 1st of May 2013 on Highways 12, 15 and 16.

Quantities and units are specified in the header line of the csv's and are consistent for all csv's.

The original sheets from Rijkswaterstaat were split in vehicles upto a mass of 100 tonnes, vehicles above 100 tonnes and vehicles with axle loads above 200 kN. This data has been merged resulting in 6 csv files for the left and right lanes of each of the 3 highways.

Some double vehicle ID's have been removed from the database.
RW12L: 2 double ID's
RW12R: 6 double ID's
RW15L: 5 double ID's
RW15R: 7 double ID's
RW16L: 1 double ID
RW16R: No doubles
The records of these double ID's are identical as shown in the listing below and removal is valid.

It is recommended to remove the following vehicles from the csv files (based on visual inspection, see tables 3 and 4 of the report TNO-2014-R11401):

highway 12L:
26054313
24599587
highway 12R:
26473327
26475911
26505204
26505768
26506083
26507359
26504421
26503325
26503325
26503325
highway 15L:
25087601
25162138
25990071
25162652
25621152
25425492
24916575
highway 15R:
24956528
25408908
25971545
25304838
25983649
25208806
24849647
24904895
24606030
25519102
24986158
25301423
25387999
25375437
25695650
25376174
25959121
25333241
25776122
highway 16L:
24559160
25302632
25888058
26048715
26055568
25984355
highway 16R:
25236563
26048656
26070793
25791077
=================================================================================================================
records of double IDs that were removed. It can be seen that these records are identical and removal is valid
RW16L
25-Apr-2013;13:28:32;26060695;RW-16-L-3;O:;90;2549;111542;7590;8560;16049;9346;10113;19303;9971;12820;8725;9065;NaN;NaN;NaN;NaN;190;262;146;139;547;157;144;623;127;153;NaN;NaN;NaN;NaN
25-Apr-2013;13:28:32;26060695;RW-16-L-3;O:;90;2549;111542;7590;8560;16049;9346;10113;19303;9971;12820;8725;9065;NaN;NaN;NaN;NaN;190;262;146;139;547;157;144;623;127;153;NaN;NaN;NaN;NaN
RW16R
No double ID's
RW15L
04-Apr-2013;03:51:33;24624396;RW-15-L-2;O8;79;1896;103279;14544;15397;14438;13778;15595;9912;10009;9606;NaN;NaN;NaN;NaN;NaN;NaN;200;258;164;200;166;577;131;141;NaN;NaN;NaN;NaN;NaN;NaN
04-Apr-2013;03:51:33;24624396;RW-15-L-2;O8;79;1896;103279;14544;15397;14438;13778;15595;9912;10009;9606;NaN;NaN;NaN;NaN;NaN;NaN;200;258;164;200;166;577;131;141;NaN;NaN;NaN;NaN;NaN;NaN
05-Apr-2013;03:35:20;24694870;RW-15-L-2;O8;78;1935;102546;11737;13257;14065;13840;14360;11590;11450;12247;NaN;NaN;NaN;NaN;NaN;NaN;237;261;165;204;166;560;132;141;NaN;NaN;NaN;NaN;NaN;NaN
05-Apr-2013;03:35:20;24694870;RW-15-L-2;O8;78;1935;102546;11737;13257;14065;13840;14360;11590;11450;12247;NaN;NaN;NaN;NaN;NaN;NaN;237;261;165;204;166;560;132;141;NaN;NaN;NaN;NaN;NaN;NaN
05-Apr-2013;04:21:00;24697781;RW-15-L-2;O9;81;1850;110564;9693;11572;12407;12096;12444;12912;13179;13342;12919;NaN;NaN;NaN;NaN;NaN;182;329;136;463;135;137;136;136;136;NaN;NaN;NaN;NaN;NaN
05-Apr-2013;04:21:00;24697781;RW-15-L-2;O9;81;1850;110564;9693;11572;12407;12096;12444;12912;13179;13342;12919;NaN;NaN;NaN;NaN;NaN;182;329;136;463;135;137;136;136;136;NaN;NaN;NaN;NaN;NaN
05-Apr-2013;14:43:50;24750160;RW-15-L-2;O9;74;1902;110693;10078;12019;11992;12652;12831;12456;12675;13151;12839;NaN;NaN;NaN;NaN;NaN;170;329;135;362;165;165;166;181;183;NaN;NaN;NaN;NaN;NaN
05-Apr-2013;14:43:50;24750160;RW-15-L-2;O9;74;1902;110693;10078;12019;11992;12652;12831;12456;12675;13151;12839;NaN;NaN;NaN;NaN;NaN;170;329;135;362;165;165;166;181;183;NaN;NaN;NaN;NaN;NaN
18-Apr-2013;09:20:53;25529652;RW-15-L-2;O8;80;1671;111775;10793;10717;15394;15214;14328;14974;15121;15234;NaN;NaN;NaN;NaN;NaN;NaN;165;171;200;141;354;183;182;182;NaN;NaN;NaN;NaN;NaN;NaN
18-Apr-2013;09:20:53;25529652;RW-15-L-2;O8;80;1671;111775;10793;10717;15394;15214;14328;14974;15121;15234;NaN;NaN;NaN;NaN;NaN;NaN;165;171;200;141;354;183;182;182;NaN;NaN;NaN;NaN;NaN;NaN
RW15R
03-Apr-2013;12:09:22;24591701;RW-15-R-2;O9;79;1897;105833;9088;12433;12524;12365;12405;12477;11774;11309;11458;NaN;NaN;NaN;NaN;NaN;187;331;136;352;137;166;183;183;181;NaN;NaN;NaN;NaN;NaN
03-Apr-2013;12:09:22;24591701;RW-15-R-2;O9;79;1897;105833;9088;12433;12524;12365;12405;12477;11774;11309;11458;NaN;NaN;NaN;NaN;NaN;187;331;136;352;137;166;183;183;181;NaN;NaN;NaN;NaN;NaN
03-Apr-2013;15:43:16;24607446;RW-15-R-2;R1134;84;2311;111489;9086;8890;11870;11433;8990;13174;19703;14729;13614;NaN;NaN;NaN;NaN;NaN;187;181;181;142;134;995;162;113;136;NaN;NaN;NaN;NaN;NaN
03-Apr-2013;15:43:16;24607446;RW-15-R-2;R1134;84;2311;111489;9086;8890;11870;11433;8990;13174;19703;14729;13614;NaN;NaN;NaN;NaN;NaN;187;181;181;142;134;995;162;113;136;NaN;NaN;NaN;NaN;NaN
05-Apr-2013;12:55:31;24744253;RW-15-R-2;O9;80;1804;100834;8372;5072;10757;10512;13421;13422;13323;13133;12822;NaN;NaN;NaN;NaN;NaN;176;260;134;137;337;165;166;182;182;NaN;NaN;NaN;NaN;NaN
05-Apr-2013;12:55:31;24744253;RW-15-R-2;O9;80;1804;100834;8372;5072;10757;10512;13421;13422;13323;13133;12822;NaN;NaN;NaN;NaN;NaN;176;260;134;137;337;165;166;182;182;NaN;NaN;NaN;NaN;NaN
08-Apr-2013;14:49:07;24861798;RW-15-R-2;O8;80;1931;110720;13793;13677;24318;16261;14976;9297;9417;8981;NaN;NaN;NaN;NaN;NaN;NaN;214;260;180;189;164;581;132;142;NaN;NaN;NaN;NaN;NaN;NaN
08-Apr-2013;14:49:07;24861798;RW-15-R-2;O8;80;1931;110720;13793;13677;24318;16261;14976;9297;9417;8981;NaN;NaN;NaN;NaN;NaN;NaN;214;260;180;189;164;581;132;142;NaN;NaN;NaN;NaN;NaN;NaN
11-Apr-2013;20:28:32;25104671;RW-15-R-2;O8;80;1686;100076;9421;9625;13257;13324;14000;14303;13416;12730;NaN;NaN;NaN;NaN;NaN;NaN;173;171;201;142;356;184;183;183;NaN;NaN;NaN;NaN;NaN;NaN
11-Apr-2013;20:28:32;25104671;RW-15-R-2;O8;80;1686;100076;9421;9625;13257;13324;14000;14303;13416;12730;NaN;NaN;NaN;NaN;NaN;NaN;173;171;201;142;356;184;183;183;NaN;NaN;NaN;NaN;NaN;NaN
15-Apr-2013;04:19:49;25206898;RW-15-R-2;O9;78;1787;101810;8448;5173;10594;10543;13659;13689;13765;13199;12740;NaN;NaN;NaN;NaN;NaN;177;260;133;138;338;166;167;182;182;NaN;NaN;NaN;NaN;NaN
15-Apr-2013;04:19:49;25206898;RW-15-R-2;O9;78;1787;101810;8448;5173;10594;10543;13659;13689;13765;13199;12740;NaN;NaN;NaN;NaN;NaN;177;260;133;138;338;166;167;182;182;NaN;NaN;NaN;NaN;NaN
26-Apr-2013;21:14:12;26231257;RW-15-R-2;R144;79;2454;110273;6700;12906;16614;15291;8573;12624;12691;12588;12286;NaN;NaN;NaN;NaN;NaN;186;204;139;137;139;1119;137;137;137;NaN;NaN;NaN;NaN;NaN
26-Apr-2013;21:14:12;26231257;RW-15-R-2;R144;79;2454;110273;6700;12906;16614;15291;8573;12624;12691;12588;12286;NaN;NaN;NaN;NaN;NaN;186;204;139;137;139;1119;137;137;137;NaN;NaN;NaN;NaN;NaN
RW12L
20-Apr-2013;19:48:34;25698764;RW-12-L-3;O:;78;1953;110576;7014;6240;11964;11316;12424;12434;12578;12595;12198;11813;NaN;NaN;NaN;NaN;169;194;217;145;321;165;165;167;180;182;NaN;NaN;NaN;NaN
20-Apr-2013;19:48:34;25698764;RW-12-L-3;O:;78;1953;110576;7014;6240;11964;11316;12424;12434;12578;12595;12198;11813;NaN;NaN;NaN;NaN;169;194;217;145;321;165;165;167;180;182;NaN;NaN;NaN;NaN
22-Apr-2013;04:05:19;25724543;RW-12-L-3;O:;79;1983;110975;5861;7560;13254;13201;12381;12016;12120;11917;11560;11105;NaN;NaN;NaN;NaN;166;262;146;140;377;165;166;166;182;182;NaN;NaN;NaN;NaN
22-Apr-2013;04:05:19;25724543;RW-12-L-3;O:;79;1983;110975;5861;7560;13254;13201;12381;12016;12120;11917;11560;11105;NaN;NaN;NaN;NaN;166;262;146;140;377;165;166;166;182;182;NaN;NaN;NaN;NaN
RW12R
04-Apr-2013;11:11:50;24658021;RW-12-R-3;O9;81;1909;110728;15955;17100;12933;12703;13052;12806;8731;8576;8872;NaN;NaN;NaN;NaN;NaN;275;243;164;148;148;149;446;130;131;NaN;NaN;NaN;NaN;NaN
04-Apr-2013;11:11:50;24658021;RW-12-R-3;O9;81;1909;110728;15955;17100;12933;12703;13052;12806;8731;8576;8872;NaN;NaN;NaN;NaN;NaN;275;243;164;148;148;149;446;130;131;NaN;NaN;NaN;NaN;NaN
05-Apr-2013;14:33:21;24749434;RW-12-R-3;O8;78;1791;103063;14095;13917;15214;15368;15784;9458;9579;9648;NaN;NaN;NaN;NaN;NaN;NaN;223;249;161;162;164;526;131;130;NaN;NaN;NaN;NaN;NaN;NaN
05-Apr-2013;14:33:21;24749434;RW-12-R-3;O8;78;1791;103063;14095;13917;15214;15368;15784;9458;9579;9648;NaN;NaN;NaN;NaN;NaN;NaN;223;249;161;162;164;526;131;130;NaN;NaN;NaN;NaN;NaN;NaN
15-Apr-2013;09:34:23;25272068;RW-12-R-3;O:;80;2617;110056;8638;7007;10654;10746;9314;9678;13408;13236;13408;13967;NaN;NaN;NaN;NaN;193;277;131;140;250;149;1007;136;135;136;NaN;NaN;NaN;NaN
15-Apr-2013;09:34:23;25272068;RW-12-R-3;O:;80;2617;110056;8638;7007;10654;10746;9314;9678;13408;13236;13408;13967;NaN;NaN;NaN;NaN;193;277;131;140;250;149;1007;136;135;136;NaN;NaN;NaN;NaN
23-Apr-2013;12:40:10;25869947;RW-12-R-3;O9;80;1894;111009;8995;12243;12490;12948;12878;12893;13090;12739;12733;NaN;NaN;NaN;NaN;NaN;192;319;139;365;164;164;164;180;180;NaN;NaN;NaN;NaN;NaN
23-Apr-2013;12:40:10;25869947;RW-12-R-3;O9;80;1894;111009;8995;12243;12490;12948;12878;12893;13090;12739;12733;NaN;NaN;NaN;NaN;NaN;192;319;139;365;164;164;164;180;180;NaN;NaN;NaN;NaN;NaN
26-Apr-2013;14:22:27;26208633;RW-12-R-3;O9;67;1870;111851;13227;12932;12416;12809;12960;11987;11608;12421;11491;NaN;NaN;NaN;NaN;NaN;341;164;164;199;149;247;149;260;149;NaN;NaN;NaN;NaN;NaN
26-Apr-2013;14:22:27;26208633;RW-12-R-3;O9;67;1870;111851;13227;12932;12416;12809;12960;11987;11608;12421;11491;NaN;NaN;NaN;NaN;NaN;341;164;164;199;149;247;149;260;149;NaN;NaN;NaN;NaN;NaN
26-Apr-2013;14:22:46;26208656;RW-12-R-3;O9;78;1771;111226;9693;6573;12247;12569;14535;14287;13693;13853;13776;NaN;NaN;NaN;NaN;NaN;185;256;131;139;312;164;164;180;180;NaN;NaN;NaN;NaN;NaN
26-Apr-2013;14:22:46;26208656;RW-12-R-3;O9;78;1771;111226;9693;6573;12247;12569;14535;14287;13693;13853;13776;NaN;NaN;NaN;NaN;NaN;185;256;131;139;312;164;164;180;180;NaN;NaN;NaN;NaN;NaN