,0
0,960.4589032208069
1,909.5786124018015
2,1059.903809328529
3,959.6124143285127
4,946.451713547633
5,1012.3454989302784
6,936.6024072737866
7,941.331694660415
8,972.4789852006292
9,899.2433344860552
10,906.7920835551151
11,963.8921942702306
12,921.2588822806216
13,906.4170210462072
14,879.9218743850602
15,1035.6798072240615
16,956.6264148481813
17,1035.5227616922875
18,972.2964001062946
19,1074.0205134139107
20,979.2575354460288
21,1066.3696654511905
22,961.247783377254
23,970.7226822379516
24,915.3902785673564
25,993.7267315297025
26,936.9317756316982
27,943.1610766665461
28,896.4164837914992
